0.000000  21.095023  28.425341  17.464249  13.341664  12.041595  21.840330  16.031220  13.928388  14.212670  11.661904  15.000000  20.248457
21.095023  0.000000  24.186773  10.295630  8.062258  15.620499  27.459060  24.413111  30.016662  31.320920  32.015621  36.055513  40.311289
28.425341  24.186773  0.000000  15.132746  25.495098  16.643317  12.041595  41.629317  24.698178  42.638011  32.249031  39.661064  47.010637
17.464249  10.295630  15.132746  0.000000  10.440307  7.071068  17.204651  27.459060  21.840330  30.805844  26.019224  31.780497  37.696154
13.341664  8.062258  25.495098  10.440307  0.000000  11.704700  25.000000  17.691806  24.083189  23.409400  24.698178  28.160256  32.249031
12.041595  15.620499  16.643317  7.071068  11.704700  0.000000  13.341664  25.298221  14.866069  26.172505  19.104973  25.298221  31.764760
21.840330  27.459060  12.041595  17.204651  25.000000  13.341664  0.000000  37.336309  13.601471  35.341194  21.931712  29.698485  37.536649
16.031220  24.413111  41.629317  27.459060  17.691806  25.298221  37.336309  0.000000  29.614186  11.180340  24.596748  22.627417  21.931712
13.928388  30.016662  24.698178  21.840330  24.083189  14.866069  13.601471  29.614186  0.000000  24.331050  8.602325  16.401219  24.413111
14.212670  31.320920  42.638011  30.805844  23.409400  26.172505  35.341194  11.180340  24.331050  0.000000  17.029386  12.529964  10.770330
11.661904  32.015621  32.249031  26.019224  24.698178  19.104973  21.931712  24.596748  8.602325  17.029386  0.000000  7.810250  15.811388
15.000000  36.055513  39.661064  31.780497  28.160256  25.298221  29.698485  22.627417  16.401219  12.529964  7.810250  0.000000  8.062258
20.248457  40.311289  47.010637  37.696154  32.249031  31.764760  37.536649  21.931712  24.413111  10.770330  15.811388  8.062258  0.000000