model:
sets:
weizhi/1..49/:x,gufei,xuqiu;
assign(weizhi,weizhi):C,y;
endsets
data:
gufei =1123584,1000000000,733400,272080,169480,1000000000,457824,1000000000,10000000000,663936,411616,370120,580032,526680,733248,876736,760608,585504,955776,526680,1000000000,2475320,684608,276640,403560,31008,941184,196384,1000000000,114760,10000000000,1000000000,1000000000,1000000000,1000000000,1000000000,1000000000,1000000000,1000000000,289104,1000000000,1000000000,720480,699200,243808,1000000000,1000000000,1000000000,10000000000;

xuqiu =1232,974,965,358 223,715,753,989,1391,624,677,487,636,495,603,721,834,642,786,693,156,3257,1126,364,531,51,774,323,194,151,234,246,701,55,233,174,568,761,583,317,204,272,948,1150,401,224,217,366,55;

C=0	120	270	480	540	799	1129	1359	1260	1094	1373	1204	2118	1520	420	710	1250	1630	2380	2599	2960	2020	2030	2510	3020	3910	1110	1740	1970	1240	3720	2608	2543	2510	2507	2384	1526	781	1186	844	1148	1773	769	995	1461	1267	726	2294	3230
120	0	370	580	660	919	1249	1479	1200	1034	1313	1144	2058	1600	360	790	1330	1710	2460	2679	3040	2120	2130	2610	3120	4010	1210	1840	2070	1340	3820	2548	2623	2590	2587	2324	1466	721	1306	964	1268	1893	709	1075	1541	1387	846	2374	3310
270	370	0	210	740	1069	1399	1629	1151	985	1264	1090	1930	1250	311	440	980	1360	2110	2329	2690	1750	1760	2240	2750	3640	840	1470	1700	970	3450	2420	2273	2240	2237	2196	1417	672	1456	1114	1418	2043	660	725	1191	1144	926	2024	2960
480	580	210	0	530	1279	1609	1839	1361	1195	1474	1080	1920	1240	521	430	970	1350	2100	2319	2680	1540	1550	2030	2540	3430	630	1260	1490	760	3240	2410	2263	2230	2227	2186	1627	882	1666	1324	1628	2253	870	715	1181	934	716	2014	2950
540	660	740	530	0	1339	1669	1899	1800	1634	1913	1610	2450	1770	960	960	1500	1880	2630	2849	3210	1941	1951	2431	2941	3390	1031	1220	1450	720	3200	2940	2793	2760	2757	2716	2066	1321	1726	1384	1688	2313	1309	1245	1711	727	186	2544	3480
799	919	1069	1279	1339	0	330	560	2059	1893	2172	2003	2917	2319	1219	1509	2049	2429	3179	3398	3759	2819	2829	3309	3819	4709	1909	2539	2769	2039	4519	3407	3342	3309	3306	3183	2325	1580	387	727	677	1346	1568	1794	2260	2066	1525	3093	4029
1129	1249	1399	1609	1669	330	0	230	2389	2223	2502	2333	3247	2649	1549	1839	2379	2759	3509	3728	4089	3149	3159	3639	4149	5039	2239	2869	3099	2369	4849	3737	3672	3639	3636	3513	2655	1910	717	429	347	1016	1898	2124	2590	2396	1855	3423	4359
1359	1479	1629	1839	1899	560	230	0	2619	2453	2732	2563	3477	2879	1779	2069	2609	2989	3739	3958	4319	3379	3389	3869	4379	5269	2469	3099	3329	2599	5079	3967	3902	3869	3866	3743	2885	2140	947	659	577	819	2128	2354	2820	2626	2085	3653	4589
1260	1200	1151	1361	1800	2059	2389	2619	0	280	190	440	935	830	840	1078	980	1360	1690	2329	2270	2137	2477	2370	3020	4498	1628	2328	2558	2121	4308	1425	1828	1820	1792	1201	343	878	2446	2104	2408	3033	605	1363	1342	1932	1986	2024	2540
1094	1034	985	1195	1634	1893	2223	2453	280	0	279	160	1024	660	674	798	700	1080	1520	2049	2100	1857	2197	2090	2740	4218	1348	2048	2278	1955	4028	1514	1683	1650	1647	1290	432	598	2280	1938	2242	2867	325	1083	1062	1652	1820	1744	2370
1373	1313	1264	1474	1913	2172	2502	2732	190	279	0	439	745	640	953	1077	910	1280	1500	2210	2080	2067	2407	2290	2940	4497	1627	2327	2557	2234	4307	1235	1638	1630	1602	1011	153	877	2559	2217	2521	3146	604	1316	1272	1931	2099	1944	2350
1204	1144	1090	1080	1610	2003	2333	2563	440	160	439	0	1184	610	784	650	540	920	1470	1889	2050	1697	2037	1930	2580	4070	1200	1900	2130	1840	3880	1674	1633	1600	1597	1450	592	758	2390	2048	2352	2977	435	935	902	1504	1796	1584	2320
2118	2058	1930	1920	2450	2917	3247	3477	935	1024	745	1184	0	680	1698	1490	950	1320	954	1664	1534	2107	2447	2314	2484	4617	1993	2693	2923	2633	4673	490	893	1084	857	266	592	1622	3304	2962	3266	3891	1349	1356	1312	2297	2636	1969	1804
1520	1600	1250	1240	1770	2319	2649	2879	830	660	640	610	680	0	1240	810	270	640	860	1570	1440	1427	1767	1650	2300	3937	1313	2013	2243	1953	3993	1170	1023	990	987	946	793	1258	2706	2364	2668	3293	985	676	632	1617	1956	1304	1710
420	360	311	521	960	1219	1549	1779	840	674	953	784	1698	1240	0	430	970	1350	2100	2319	2680	1890	1900	2360	2890	3850	980	1680	1910	1281	3660	2188	2263	2230	2227	1964	1106	361	1606	1264	1568	2193	349	715	1181	1284	1146	2014	2950
710	790	440	430	960	1509	1839	2069	1078	798	1077	650	1490	810	430	0	540	920	1670	1889	2250	1460	1470	1930	2460	3420	550	1250	1480	1190	3230	1980	1833	1800	1797	1756	1230	791	1896	1554	1858	2483	473	285	751	854	1146	1584	2520
1250	1330	980	970	1500	2049	2379	2609	980	700	910	540	950	270	970	540	0	380	1130	1349	1710	1157	1497	1390	2040	3667	1043	1743	1973	1683	3723	1440	1293	1260	1257	1216	1063	1298	2436	2094	2398	3023	975	406	362	1347	1686	1044	1980
1630	1710	1360	1350	1880	2429	2759	2989	1360	1080	1280	920	1320	640	1350	920	380	0	780	969	1360	1303	1643	1010	1660	3813	1423	2123	2353	2063	4103	1810	943	910	907	1468	1433	1678	2816	2474	2778	3403	1355	786	508	1727	2066	664	1630
2380	2460	2110	2100	2630	3179	3509	3739	1690	1520	1500	1470	1020	860	2100	1670	1130	780	0	710	580	1850	2190	1360	1530	3850	2173	2873	3103	2813	4853	1510	163	130	127	688	1612	2118	3566	3224	3528	4153	1845	1536	1288	2477	2816	1015	850
2599	2679	2329	2319	2849	3398	3728	3958	2329	2049	2210	1889	1730	1570	2319	1889	1349	969	710	0	560	1140	1480	650	820	3140	2050	2750	2980	2690	4730	2220	873	840	837	1398	2322	2647	3785	3443	3747	4372	2324	1755	1477	2354	2895	305	830
2960	3040	2690	2680	3210	3759	4089	4319	2270	2100	2080	2050	1600	1440	2680	2250	1710	1360	580	560	0	1700	2040	1210	1380	3700	2610	3310	3540	3250	5290	2090	743	710	707	1268	2192	2698	4146	3804	4108	4733	2425	2116	1868	2914	3396	865	270
2020	2120	1750	1540	1941	2819	3149	3379	2137	1857	2067	1697	2107	1427	1890	1460	1157	1303	1850	1140	1700	0	340	490	1090	2510	910	1610	1840	1550	3590	2597	2013	1980	1977	2373	2220	2251	3206	2864	3168	3793	1933	1261	795	1214	1755	1050	1970
2030	2130	1760	1550	1951	2829	3159	3389	2477	2197	2407	2037	2447	1767	1900	1470	1497	1643	2190	1480	2040	340	0	830	990	2170	920	1620	1850	1560	3600	2937	2353	2320	2317	2713	2560	2261	3216	2874	3178	3803	1943	1557	1135	1224	1765	1390	2310
2510	2610	2240	2030	2431	3309	3639	3869	2370	2090	2290	1930	2330	1650	2360	1930	1390	1010	1360	650	1210	490	830	0	650	2970	1400	2100	2330	2040	4080	2820	1523	1490	1487	2048	2443	2688	3696	3354	3658	4283	2365	1751	1285	1704	2245	560	1480
3020	3120	2750	2540	2941	3819	4149	4379	3020	2740	2940	2580	2550	2300	2890	2460	2040	1660	1530	820	1380	1090	990	650	0	2320	1910	2610	2840	2550	4590	3040	1693	1660	1657	2218	3093	3251	4206	3864	4168	4793	2933	2351	1885	2214	2755	1125	1650
3910	4010	3640	3430	3390	4709	5039	5269	4498	4218	4497	4070	4617	3937	3850	3420	3667	3813	3850	3140	3700	2510	2170	2970	2320	0	2870	2170	1940	2670	2672	5107	4013	3980	3977	4538	4650	4211	5096	4754	5058	5683	3893	3507	3305	3174	3224	3445	3970
1110	1210	840	630	1031	1909	2239	2469	1628	1348	1627	1200	1993	1313	980	550	1043	1423	2173	2050	2610	910	920	1400	1910	2870	0	700	930	640	2680	2483	2336	2303	2300	2259	1780	1341	2296	1954	2258	2883	1023	637	1103	304	845	1960	2880
1740	1840	1470	1260	1220	2539	2869	3099	2328	2048	2327	1900	2693	2013	1680	1250	1743	2123	2873	2750	3310	1610	1620	2100	2610	2170	700	0	230	500	1980	3183	3036	3003	3000	2959	2480	2041	2926	2584	2888	3513	1723	1337	1803	1004	1054	2660	3580
1970	2070	1700	1490	1450	2769	3099	3329	2558	2278	2557	2130	2923	2243	1910	1480	1973	2353	3103	2980	3540	1840	1850	2330	2840	1940	930	230	0	730	2210	3413	3266	3233	3230	3189	2710	2271	3156	2814	3118	3743	1953	1567	2033	1234	1284	2890	3810
1240	1340	970	760	720	2039	2369	2599	2121	1955	2234	1840	2633	1953	1281	1190	1683	2063	2813	2690	3250	1550	1560	2040	2550	2670	640	500	730	0	2480	3123	2976	2943	2940	2899	2387	1642	2426	2084	2388	3013	1630	1277	1743	944	554	2600	3520
3720	3820	3450	3240	3200	4519	4849	5079	4308	4028	4307	3880	4673	3993	3660	3230	3723	4103	4853	4730	5290	3590	3600	4080	4590	2672	2680	1980	2210	2480	0	5163	5016	4983	4980	4939	4460	4021	4906	4564	4868	5493	3703	3317	3783	2984	3034	4640	5560
2608	2548	2420	2410	2940	3407	3737	3967	1425	1514	1235	1674	490	1170	2188	1980	1440	1810	1444	2154	2024	2597	2937	2804	2974	5107	2483	3183	3413	3123	5163	0	1383	1574	1347	756	1082	2112	3794	3452	3756	4381	1839	1846	1802	2787	3126	2459	2294
2543	2623	2273	2263	2793	3342	3672	3902	1853	1683	1663	1633	1183	1023	2263	1833	1293	943	163	873	743	2013	2353	1523	1693	4013	2336	3036	3266	2976	5016	1673	0	293	36	627	1775	2281	3729	3387	3691	4316	2008	1699	1451	2640	2979	1178	1013
2510	2590	2240	2230	2760	3309	3639	3869	1820	1650	1630	1600	1150	990	2230	1800	1260	910	130	840	710	1980	2320	1490	1660	3980	2303	3003	3233	2943	4983	1640	293	0	257	818	1742	2248	3696	3354	3658	4283	1975	1666	1418	2607	2946	1145	980
2507	2587	2237	2227	2757	3306	3636	3866	1817	1647	1627	1597	1147	987	2227	1797	1257	907	127	837	707	1977	2317	1487	1657	3977	2300	3000	3230	2940	4980	1637	36	257	0	591	1739	2245	3693	3351	3655	4280	1972	1663	1415	2604	2943	1142	977
3068	3148	2798	2788	3318	3867	4197	4427	2378	2208	2188	2158	1708	1548	2788	2358	1818	1468	688	1398	1268	2538	2878	2048	2218	4538	2861	3561	3791	3501	5541	2198	627	818	591	0	2300	2806	4254	3912	4216	4841	2533	2224	1976	3165	3504	1703	1538
1526	1466	1417	1627	2066	2325	2655	2885	343	432	153	592	592	793	1106	1230	1063	1433	1546	2256	2126	2220	2560	2443	3076	4650	1780	2480	2710	2387	4460	1082	1485	1676	1449	858	0	1030	2712	2370	2674	3299	757	1469	1425	2084	2252	2097	2396
781	721	672	882	1321	1580	1910	2140	878	598	877	758	1622	1258	361	791	1298	1678	2118	2647	2698	2251	2261	2688	3251	4211	1341	2041	2271	1642	4021	2112	2281	2248	2245	1888	1030	0	1967	1625	1929	2554	368	1076	1542	1645	1507	2342	2968
1186	1306	1456	1666	1726	387	717	947	2446	2280	2559	2390	3304	2706	1606	1896	2436	2816	3566	3785	4146	3206	3216	3696	4206	5096	2296	2926	3156	2426	4906	3794	3729	3696	3693	3570	2712	1967	0	1114	1064	1733	1955	2181	2647	2453	1912	3480	4416
844	964	1114	1324	1384	727	429	659	2104	1938	2217	2048	2962	2364	1264	1554	2094	2474	3224	3443	3804	2864	2874	3354	3864	4754	1954	2584	2814	2084	4564	3452	3387	3354	3351	3228	2370	1625	1114	0	304	929	1613	1839	2305	2111	1570	3138	4074
1148	1268	1418	1628	1688	677	347	577	2408	2242	2521	2352	3266	2668	1568	1858	2398	2778	3528	3747	4108	3168	3178	3658	4168	5058	2258	2888	3118	2388	4868	3756	3691	3658	3655	3532	2674	1929	1064	304	0	669	1917	2143	2609	2415	1874	3442	4378
1773	1893	2043	2253	2313	1346	1016	819	3033	2867	3146	2977	3891	3293	2193	2483	3023	3403	4153	4372	4733	3793	3803	4283	4793	5683	2883	3513	3743	3013	5493	4381	4316	4283	4280	4157	3299	2554	1733	929	669	0	2542	2768	3234	3040	2499	4067	5003
769	709	660	870	1309	1568	1898	2128	605	325	604	435	1349	985	349	473	975	1355	1845	2324	2425	1933	1943	2365	2933	3893	1023	1723	1953	1630	3703	1839	2008	1975	1972	1615	757	368	1955	1613	1917	2542	0	758	1224	1327	1495	2019	2695
995	1075	725	715	1245	1794	2124	2354	1363	1083	1316	935	1356	676	715	285	406	786	1536	1755	2116	1261	1557	1751	2351	3507	637	1337	1567	1277	3317	1846	1699	1666	1663	1622	1469	1076	2181	1839	2143	2768	758	0	466	941	1431	1450	2386
1461	1541	1191	1181	1711	2260	2590	2820	1342	1062	1272	902	1312	632	1181	751	362	508	1288	1477	1868	795	1135	1285	1885	3305	1103	1803	2033	1743	3783	1802	1451	1418	1415	1578	1425	1542	2647	2305	2609	3234	1224	466	0	1407	1897	1172	2138
1267	1387	1144	934	727	2066	2396	2626	1932	1652	1931	1504	2297	1617	1284	854	1347	1727	2477	2354	2914	1214	1224	1704	2214	3174	304	1004	1234	944	2984	2787	2640	2607	2604	2563	2084	1645	2453	2111	2415	3040	1327	941	1407	0	541	2264	3184
726	846	926	716	186	1525	1855	2085	1986	1820	2099	1796	2636	1956	1146	1146	1686	2066	2816	2895	3396	1755	1765	2245	2755	3224	845	1054	1284	554	3034	3126	2979	2946	2943	2902	2252	1507	1912	1570	1874	2499	1495	1431	1897	541	0	2730	3666
2294	2374	2024	2014	2544	3093	3423	3653	2024	1744	1944	1584	1984	1304	2014	1584	1044	664	1015	305	865	1050	1390	560	1125	3445	1960	2660	2890	2600	4640	2474	1178	1145	1142	1703	2097	2342	3480	3138	3442	4067	2019	1450	1172	2264	2730	0	1135
3230	3310	2960	2950	3480	4029	4359	4589	2540	2370	2350	2320	1870	1710	2950	2520	1980	1630	850	830	270	1970	2310	1480	1650	3970	2880	3580	3810	3520	5560	2360	1013	980	977	1538	2462	2968	4416	4074	4378	5003	2695	2386	2138	3184	3666	1135	0
;
enddata
min=@sum(weizhi(k):x(k)*gufei(k))+@sum(weizhi(j):@sum(weizhi(i):xuqiu(j)*C(i,j)*y(i,j)))*0.5;
@for(weizhi(i):@bin(x(i)));
@for(assign(i,j):@bin(y(i,j)));
@for(weizhi(j):@sum(weizhi(i):y(i,j))=1);
@for(weizhi(i):@for(weizhi(j):y(i,j)<=x(i)));
end
